100,3011,1,0
100,3060,2,0
100,3010,3,0
100,3051,4,0
100,3052,5,0
100,3009,6,0
100,3021,7,0
100,3022,8,0
100,3023,9,0
100,3024,10,0
100,3025,11,0
100,3026,12,0
100,3027,13,1
101,3027,1,0
101,3026,2,0
101,3025,3,0
101,3024,4,0
101,3023,5,0
101,3022,6,0
101,3021,7,0
101,3009,8,0
101,3052,9,0
101,3051,10,0
101,3010,11,0
101,3060,12,0
101,3011,13,1
200,3038,1,0
200,3037,2,0
200,3036,3,0
200,3035,4,0
200,1123,5,0
200,6610,6,0
200,6657,7,0
200,6652,8,0
200,1322,9,1
201,3060,1,0
201,2358,2,0
201,6655,3,0
201,5813,4,0
201,1004,5,0
201,3035,6,0
201,3036,7,0
201,3037,8,0
201,3038,9,1
