100,3027,1,0
100,3026,2,0
100,3025,3,0
100,3024,4,0
100,3023,5,0
100,3022,6,0
100,3021,7,0
100,3009,8,0
100,3052,9,0
100,3051,10,0
100,3010,11,0
100,3060,12,0
100,3011,13,1
101,3011,1,0
101,3060,2,0
101,3010,3,0
101,3051,4,0
101,3052,5,0
101,3009,6,0
101,3021,7,0
101,3022,8,0
101,3023,9,0
101,3024,10,0
101,3025,11,0
101,3026,12,0
101,3027,13,1
200,3038,1,0
200,3037,2,0
200,3036,3,0
200,3035,4,0
200,1123,5,0
200,5813,6,0
200,6610,7,0
200,6657,8,0
200,6652,9,0
200,3063,10,0
200,3062,11,0
200,3061,12,0
200,3060,13,1
201,3060,1,0
201,2358,2,0
201,6655,3,0
201,5813,4,0
201,6610,5,0
201,1004,6,0
201,3035,7,0
201,3036,8,0
201,3061,9,0
201,3062,10,0
201,3063,11,0
201,3037,12,0
201,3038,13,1
70100,3027,1,0
70100,3026,2,0
70100,3025,3,0
70100,1371,4,0
70100,3023,5,0
70100,3022,6,0
70100,7031,7,0
70100,3000,8,0
70100,3052,9,0
70100,3051,10,0
70100,3010,11,0
70100,3060,12,0
70100,3011,13,1
70101,3011,1,0
70101,3060,2,0
70101,3010,3,0
70101,3051,4,0
70101,3052,5,0
70101,3000,6,0
70101,7030,7,0
70101,3022,8,0
70101,3023,9,0
70101,1369,10,0
70101,3025,11,0
70101,3026,12,0
70101,3027,13,1
