100,3011,1,0
100,3060,2,0
100,3010,3,0
100,3051,4,0
100,3052,5,0
100,3009,6,0
100,3021,7,0
100,3022,8,0
100,3023,9,0
100,3024,10,0
100,3025,11,0
100,3026,12,0
100,3027,13,1
101,3027,1,0
101,3026,2,0
101,3025,3,0
101,3024,4,0
101,3023,5,0
101,3022,6,0
101,3021,7,0
101,3009,8,0
101,3052,9,0
101,3051,10,0
101,3010,11,0
101,3060,12,0
101,3011,13,1
200,3068,1,0
200,3067,2,0
200,3041,3,0
200,3038,4,0
200,3037,5,0
200,3036,6,0
200,3063,7,0
200,3062,8,0
200,3061,9,0
200,3065,10,0
200,3060,11,1
201,3060,1,0
201,3065,2,0
201,3061,3,0
201,3062,4,0
201,3063,5,0
201,3036,6,0
201,3037,7,0
201,3038,8,0
201,3041,9,0
201,3067,10,0
201,3068,11,1
400,3039,1,0
400,3069,2,0
400,3038,3,1
401,3038,1,0
401,3069,2,0
401,3039,3,1
