'CFDFri-Weekday',20260410,0,20260413,0,20260414,0,20260415,0,20260416,0,20260417,0,20260420,0,20260421,0,20260422,0,20260423,0,20260424,0,20260427,0,20260427,2,20260428,0,20260428,2,20260429,0,20260429,2,20260430,0,20260430,2,20260501,0,20260504,0,20260504,2
'CFDFri-Weekday1',20260424,0,20260427,0,20260427,2,20260428,0,20260428,2,20260429,0,20260429,2,20260430,0,20260430,2,20260501,0,20260504,0,20260504,2,20260505,0,20260505,2,20260506,0,20260506,2,20260507,0,20260507,2,20260508,0,20260511,0,20260511,2,20260512,0,20260512,2,20260513,0,20260513,2,20260514,0,20260514,2,20260515,0,20260518,0,20260518,2,20260519,0,20260519,2,20260520,0,20260520,2,20260521,0,20260521,2,20260522,0,20260525,0,20260525,2,20260526,0,20260526,2,20260527,0,20260527,2,20260528,0,20260528,2,20260529,0,20260601,0,20260601,2,20260602,0,20260602,2,20260603,0,20260603,2,20260604,0,20260604,2,20260605,0,20260608,0,20260608,2,20260609,0,20260609,2,20260610,0,20260610,2,20260611,0,20260611,2,20260612,0,20260615,0,20260615,2,20260616,0,20260616,2,20260617,0,20260617,2,20260618,0,20260618,2,20260619,0,20260622,0,20260622,2,20260623,0,20260623,2,20260624,0,20260624,2,20260625,0,20260625,2,20260626,0
'CFDMTh-Weekday',20260406,0,20260407,0,20260408,0,20260409,0,20260410,0,20260413,0,20260414,0,20260415,0,20260416,0,20260417,0,20260420,0,20260421,0,20260422,0,20260423,0,20260424,0,20260424,2,20260427,0,20260428,0,20260429,0,20260430,0,20260501,0,20260501,2,20260504,0
'CFDMTh-Weekday1',20260420,0,20260421,0,20260422,0,20260423,0,20260424,0,20260424,2,20260427,0,20260428,0,20260429,0,20260430,0,20260501,0,20260501,2,20260504,0,20260505,0,20260506,0,20260507,0,20260508,0,20260508,2,20260511,0,20260512,0,20260513,0,20260514,0,20260515,0,20260515,2,20260518,0,20260519,0,20260520,0,20260521,0,20260522,0,20260522,2,20260525,0,20260526,0,20260527,0,20260528,0,20260529,0,20260529,2,20260601,0,20260602,0,20260603,0,20260604,0,20260605,0,20260605,2,20260608,0,20260609,0,20260610,0,20260611,0,20260612,0,20260612,2,20260615,0,20260616,0,20260617,0,20260618,0,20260619,0,20260619,2,20260622,0,20260623,0,20260624,0,20260625,0
'CFDSAT-Saturday',20260404,0,20260411,0,20260418,0,20260425,0,20260502,0
'CFDSAT-Saturday1',20260425,0,20260502,0,20260509,0,20260516,0,20260523,0,20260530,0,20260606,0,20260613,0,20260620,0,20260627,0
'CFDSUN-Sunday',20260405,0,20260412,0,20260419,0,20260426,0,20260503,0
'CFDSUN-Sunday1',20260419,0,20260426,0,20260503,0,20260510,0,20260517,0,20260524,0,20260531,0,20260607,0,20260614,0,20260621,0
'TRILLTP-Weekday',20260406,0,20260407,0,20260408,0,20260409,0,20260410,0,20260413,0,20260414,0,20260415,0,20260416,0,20260417,0,20260420,0,20260421,0,20260422,0,20260423,0,20260424,0,20260427,0,20260428,0,20260429,0,20260430,0,20260501,0,20260504,0
'TRILLTP-Weekday1',20260420,0,20260421,0,20260422,0,20260423,0,20260424,0,20260427,0,20260428,0,20260429,0,20260430,0,20260501,0,20260504,0,20260505,0,20260506,0,20260507,0,20260508,0,20260511,0,20260512,0,20260513,0,20260514,0,20260515,0,20260518,0,20260519,0,20260520,0,20260521,0,20260522,0,20260525,0,20260526,0,20260527,0,20260528,0,20260529,0,20260601,0,20260602,0,20260603,0,20260604,0,20260605,0,20260608,0,20260609,0,20260610,0,20260611,0,20260612,0,20260615,0,20260616,0,20260617,0,20260618,0,20260619,0,20260622,0,20260623,0,20260624,0,20260625,0,20260626,0
'TRILSAT-Saturday',20260404,0,20260411,0,20260418,0,20260425,0,20260502,0
'TRILSAT-Saturday1',20260425,0,20260502,0,20260509,0,20260516,0,20260523,0,20260530,0,20260606,0,20260613,0,20260620,0,20260627,0
'TRILSUN-Sunday',20260405,0,20260412,0,20260419,0,20260426,0,20260503,0
'TRILSUN-Sunday1',20260419,0,20260426,0,20260503,0,20260510,0,20260517,0,20260524,0,20260531,0,20260607,0,20260614,0,20260621,0
